# Generated by ConTeXt
textwidth=455.24411pt
textheight=702.78308pt
